0.20272 0
0.40048 0
0.60064 0
0.80032 0
1.000016 0
1.200512 0
1.400192 0
1.600016 0
1.800384 0
2.000064 0
2.200576 0
2.400256 0
2.600032 0
2.800448 0
3.000128 0
3.20064 0
3.40032 0
3.600016 0
3.800512 0
4.000192 0
4.200016 0
4.400384 0
4.600064 0
4.800576 0
5.000256 0
5.200144 84200
5.400016 390600
5.600784 458000
5.800032 900200
6.000592 889400
6.200608 1004600
6.400544 983600
6.600304 1066600
6.800016 1217000
7.000528 1222000
7.200208 1149200
7.400016 1066000
7.600592 1034800
7.800272 1045200
8.000032 1050400
8.200592 847600
8.40008 683000
8.600272 592800
8.8004 561600
9.000176 754400
9.200032 863400
9.400368 863200
9.60064 749000
9.800048 733200
10 920400
10.20064 838000
10.400592 786200
10.600304 983000
10.800288 744400
11.00008 873800
11.200656 853000
11.40016 968000
11.6 1035200
11.800432 1055600
12.000272 1014800
12.200048 1004400
12.40056 988000
12.60024 962000
12.8 863200
13.000432 868400
13.200112 925600
13.400624 1180400
13.600432 1051200
13.800112 1040000
14.00064 1040000
14.200368 1009200
14.400048 1102400
14.600576 1190800
14.800304 1134000
15 1097200
15.200656 1015000
15.4004 1108000
15.600128 1248200
15.800016 1253800
16.000432 1248200
16.200624 858400
16.400384 1175400
16.60024 1191600
16.80008 1124200
17.000624 1154800
17.200304 1248000
17.400208 1233800
17.600016 1206400
17.800576 1112800
18.000256 1118000
18.200032 1138800
18.400496 1118200
18.600304 1196800
18.8 1180400
19.000496 1164800
19.200176 1164800
19.400032 1253200
19.600368 1248000
19.800048 1248000
20.00056 1253200
20.20024 1248000
20.400384 1102400
20.60064 873600
20.800112 754200
21.000432 728000
21.200704 858000
21.40024 670800
21.600448 686400
21.800095 837200
22.000032 925600
22.200368 899600
22.400512 811200
22.600304 811200
22.8 785200
23.000496 858000
23.200176 712400
23.400032 837200
23.600368 686400
23.800048 733200
24.00056 780000
24.20024 754000
24.4 738400
24.600432 717600
24.800704 244400
25.000096 254800
25.200352 598000
25.400608 676000
25.600528 707400
25.800208 733200
26 754200
26.200464 738600
26.400144 743600
26.6 748800
26.800336 743600
27.000016 764400
27.200096 431600
27.400336 384800
27.6004 754000
27.80008 811200
28.000592 769600
28.200272 738400
28.400032 795600
28.600464 795600
28.800144 754000
29 780000
29.200336 795600
29.406896 582400
29.600464 192400
29.800016 613600
30.000144 754000
30.2 806000
30.400336 826800
30.600016 780000
30.800528 800800
31.000208 826800
31.200016 821600
31.4004 800800
31.60008 670800
31.800592 624000
32.000272 665600
32.200032 639600
32.400464 598000
32.600144 639600
32.8 644800
33.000336 634400
33.200432 629200
33.400672 124800
33.60008 478400
33.800352 582400
34.000592 603200
34.200272 639600
34.400032 629200
34.600464 613600
34.800144 650000
35 603200
35.200336 660400
35.400016 650000
35.600528 629200
35.800208 634400
36.000016 639600
36.200576 670800
36.4 72800
36.600112 416000
36.800416 530400
37.000592 629200
37.200272 624000
37.400032 618800
37.600464 696800
37.800144 540800
38 722800
38.200336 613600
38.400016 577200
38.600528 603200
38.800208 618800
39.000016 639600
39.20048 608400
39.400016 67600
39.60008 390000
39.800352 592800
40.000592 639600
40.200272 639600
40.400032 598000
40.600464 644800
40.800144 655200
41.000016 644800
41.200336 561600
41.400016 650000
41.600528 665600
41.800208 639600
42.000016 624000
42.2004 639600
42.400832 239200
42.600112 291200
42.800416 514800
43.00072 608400
43.200464 634400
43.400144 608400
43.600016 639600
43.800336 639600
44.000016 624000
44.200528 592800
44.400208 644800
44.600016 650000
44.8004 629200
45.00008 618800
45.200592 618800
45.400016 166400
45.600112 254800
45.800416 540800
46.000032 639600
46.200464 639600
46.400144 592800
46.600016 629200
46.800336 676000
47.000016 598000
47.200528 577200
47.400208 681200
47.600016 660400
47.8004 639600
48.00008 618800
48.200592 608400
48.400688 161200
48.60008 166400
48.800336 520000
49.000608 587600
49.200464 618800
49.400144 624000
49.600016 629200
49.800336 624000
50.000016 624000
50.200528 624000
50.400208 624000
50.600016 629200
50.8004 624000
51.00008 624000
51.200592 629200
51.403152 650000
51.600064 72800
51.800224 416000
52.000528 577200
52.200016 618800
52.400336 634400
52.600016 608400
52.800528 634400
53.000208 629200
53.200016 639600
53.4004 618800
53.60008 592800
53.800592 639600
54.000272 624000
54.200032 618800
54.400592 556400
54.600016 67600
54.800224 400400
55.000528 608400
55.200016 650000
55.400336 624000
55.600016 577200
55.800528 644800
56.000208 634400
56.200016 665600
56.4004 561600
56.60008 592800
56.800592 655200
57.000272 629200
57.200032 613600
57.400544 587600
57.600064 67600
57.800176 384800
58.00048 530400
58.200016 634400
58.400336 624000
58.600016 613600
58.800528 702000
59.000224 540800
59.200496 72800
59.400064 0
59.600336 0
59.800608 0
60.000032 0
60.200304 0
60.400608 0
60.600032 0
60.800016 0
61.000512 0
61.200192 0
61.400016 0
61.600384 0
61.800064 0
62.000576 0
62.200256 0
62.400032 0
62.600448 0
62.800128 0
63.00064 0
63.20032 0
63.400016 0
63.600512 0
63.800192 0
64.000016 0
64.200384 0
64.400064 0
64.600576 0
64.800256 0
65.000032 0
65.200448 0
65.400128 0
65.60064 0
65.80032 0
66.000016 0
66.200512 0
66.400192 0
66.600016 0
66.800384 0
67.000064 0
67.200576 0
67.400256 0
67.600032 0
67.800448 0
68.000128 0
68.20064 0
68.40032 0
68.600016 0
68.800512 0
69.000192 0
69.200016 0
69.400384 0
69.600064 0
69.800576 0
70.000256 0
70.200032 0
70.400448 0
70.600128 0
70.80064 0
71.00032 0
71.200016 0
71.400512 0
71.600192 0
71.800016 0
72.000384 0
72.200064 0
72.400576 0
72.600256 0
72.800032 0
73.000448 0
73.200128 0
73.40064 0
73.60032 0
73.800016 0
74.000512 0
74.200192 0
74.400016 0
74.600384 0
74.800064 0
75.000576 0
75.200256 0
75.400032 0
75.600448 0
75.800128 0
76.00064 0
76.20032 0
76.400016 0
76.600512 0
76.800192 0
77.000016 0
77.200384 0
77.400064 0
77.600576 0
77.800256 0
78.000032 0
78.200448 0
78.400128 0
78.60064 0
78.80032 0
79.000016 0
79.200512 0
79.400192 0
79.600016 0
79.800384 0
80.000064 0
80.200576 0
80.400256 0
80.600032 0
80.800448 0
81.000128 0
81.20064 0
81.40032 0
81.600016 0
81.800512 0
82.000192 0
82.200016 0
82.400384 0
82.600064 0
82.800576 0
83.000256 0
83.200032 0
83.400448 0
83.600128 0
83.80064 0
84.00032 0
84.200016 0
84.400512 0
84.600192 0
84.800016 0
85.000384 0
85.200064 0
85.400576 0
85.600256 0
85.800032 0
86.000448 0
86.200128 0
86.40064 0
86.60032 0
86.800016 0
87.000512 0
87.200192 0
87.400016 0
87.600384 0
87.800064 0
88.000576 0
88.200256 0
88.400032 0
88.600448 0
88.800128 0
89.00064 0
89.20032 0
89.400016 0
89.600512 0
89.800192 0
90.000016 0
90.200384 0
90.400064 0
90.600576 0
90.800256 0
91.000032 0
91.200448 0
91.400128 0
91.60064 0
91.80032 0
92.000016 0
92.200512 0
92.400192 0
92.600016 0
92.800384 0
93.000064 0
93.200576 0
93.400256 0
93.600032 0
93.800448 0
94.000128 0
94.20064 0
94.40032 0
94.600016 0
94.800512 0
95.000192 0
95.200016 0
95.400384 0
95.600064 0
95.800576 0
96.000256 0
96.200032 0
96.400448 0
96.600128 0
96.80064 0
97.00032 0
97.200016 0
97.400512 0
97.600192 0
97.800016 0
98.000384 0
98.200064 0
98.400576 0
98.600256 0
98.800032 0
99.000448 0
99.200128 0
99.40064 0
99.60032 0
99.800016 0
99.999872 0
