1.286477e-02
5.387817e-03
1.459830e-02
1.906475e-02
4.971721e-02
5.966911e-02
4.923047e-02
6.685021e-02
2.026304e-02
3.344235e-02
3.018630e-03
1.423182e-02
5.107320e-03
2.281113e-03
1.160155e-03
4.467565e-04
5.609385e-03
7.882562e-02
8.218848e-03
1.316910e-01
7.410555e-02
8.396392e-02
1.056231e-01
2.491762e-02
5.123982e-04
8.084265e-02
3.451413e-02
1.972891e-02
8.098676e-03
7.166319e-02
3.917739e-02
5.518688e-02
2.929153e-03
2.882753e-02
5.392050e-02
6.428437e-02
6.645801e-02
4.294038e-02
1.275317e-01
5.393960e-02
6.265072e-02
1.418119e-02
3.073209e-02
3.577373e-02
4.132083e-02
1.528819e-02
1.791055e-02
7.546809e-03
2.746984e-02
1.416434e-01
3.429237e-02
4.726445e-02
2.361059e-02
2.973322e-02
1.133722e-01
5.529121e-02
1.518601e-02
2.407799e-02
4.609120e-02
1.649442e-01
8.350069e-02
8.591474e-02
3.924189e-02
4.698803e-02
4.250223e-02
7.398911e-02
7.837139e-02
8.395518e-03
1.488492e-01
1.270086e-02
1.644205e-01
2.616778e-02
5.800948e-02
4.348920e-03
3.017399e-04
1.186716e-01
4.909165e-02
1.109279e-02
2.340245e-02
1.089230e-01
3.629172e-02
5.666542e-02
3.856541e-03
1.613562e-02
6.437950e-02
5.181332e-02
6.638576e-02
1.283214e-01
6.042622e-02
2.351125e-03
1.898453e-03
2.176699e-02
2.868702e-02
3.887764e-02
5.198714e-02
1.008333e-01
2.358178e-01
8.467463e-02
1.341603e-01
1.924937e-01
3.242845e-02
1.653180e-02
3.278254e-03
6.089782e-02
3.736370e-02
2.520147e-02
8.243562e-02
7.127204e-02
2.972224e-03
1.692996e-02
4.105045e-02
1.601418e-01
2.581251e-02
2.709230e-01
5.129264e-03
2.609990e-02
8.343530e-04
8.949138e-05
2.494469e-02
9.303920e-03
1.114262e-02
2.091442e-03
2.175830e-01
2.002063e-02
4.645669e-02
3.393594e-05
4.170974e-02
3.243073e-02
2.397433e-03
1.132248e-01
1.022183e-03
1.562361e-03
5.490522e-02
1.510081e-02
4.044674e-02
2.626897e-02
3.519298e-02
6.917445e-02
6.282726e-02
5.514016e-03
5.757867e-03
2.529601e-02
1.301172e-02
1.455388e-03
2.540872e-02
7.023224e-02
1.120204e-02
1.732117e-01
1.045232e-02
7.758107e-03
1.716856e-02
1.264968e-01
8.753211e-02
7.672166e-02
4.422901e-02
6.756717e-02
1.725722e-01
5.149695e-02
7.865611e-02
2.846330e-02
7.977355e-02
9.479681e-02
2.306298e-02
1.209836e-02
1.959123e-02
2.898466e-02
3.636146e-02
1.427349e-02
7.879252e-02
1.760033e-01
1.862689e-02
2.177065e-02
5.621793e-02
1.008565e-01
2.275265e-02
4.747200e-03
1.743952e-02
1.970406e-02
8.445084e-02
6.021609e-03
2.492418e-02
1.225264e-02
4.618738e-02
3.973473e-02
3.224772e-02
4.492463e-02
7.658549e-03
6.096957e-02
4.487469e-02
1.353190e-02
2.664539e-02
4.425116e-02
1.528440e-02
3.931934e-02
2.132539e-01
4.926931e-03
7.130959e-02
1.898989e-01
1.822271e-02
3.701304e-02
2.139662e-02
1.119158e-02
5.025672e-02
4.072464e-02
1.390983e-02
4.169896e-02
1.818415e-01
5.736057e-03
1.407374e-01
5.126615e-02
2.855726e-02
1.096570e-01
2.842760e-03
2.147354e-02
4.223980e-02
8.700590e-02
1.752217e-02
5.533265e-02
7.321396e-03
1.705363e-01
1.154252e-02
1.550146e-02
1.734690e-02
9.695678e-03
4.651454e-03
5.246305e-02
7.662650e-02
4.843056e-02
3.869322e-02
7.927725e-02
5.022625e-02
1.934357e-02
1.421474e-02
3.738845e-02
1.210197e-02
7.020365e-02
1.633556e-02
4.044384e-02
1.860090e-02
4.342561e-02
3.732573e-02
4.177622e-02
1.943490e-02
2.456575e-02
1.377400e-01
9.645031e-03
6.461083e-02
1.517245e-02
1.387264e-01
1.076570e-02
1.266567e-01
3.224544e-03
2.469050e-02
1.233939e-01
4.799401e-02
3.280178e-02
2.219757e-02
8.536322e-02
2.239766e-03
5.281226e-02
2.049903e-02
2.036727e-02
3.051389e-02
1.627937e-01
3.631586e-02
8.677906e-02
4.260262e-02
1.184084e-02
5.936357e-02
3.646194e-02
6.151506e-02
2.607123e-02
5.018237e-02
4.784018e-02
3.215653e-02
2.778969e-01
1.880577e-02
7.772072e-02
1.932298e-02
2.094972e-01
1.135391e-01
1.785844e-02
1.242913e-01
1.315103e-01
8.825244e-02
7.656483e-02
3.624300e-04
5.797837e-02
2.337750e-01
3.204995e-03
5.972977e-02
2.225207e-02
6.078795e-02
8.053385e-02
1.616236e-02
9.554047e-03
8.926605e-03
3.499358e-01
5.447793e-03
2.506304e-01
1.983492e-02
2.835352e-02
7.369012e-02
6.989001e-03
9.965477e-02
5.362695e-02
2.469175e-02
4.977924e-02
4.199885e-02
2.032697e-01
8.000284e-02
1.514374e-01
2.624757e-02
4.240922e-03
1.833846e-01
6.136008e-03
5.000221e-04
4.496982e-03
4.679266e-02
1.141578e-01
7.828054e-02
1.495742e-01
1.487259e-01
6.176194e-02
4.350833e-02
3.021312e-02
7.543910e-02
3.539031e-02
1.340546e-01
1.921911e-02
5.634086e-02
9.674150e-03
1.782570e-01
1.054186e-02
6.343726e-02
5.546631e-02
9.092331e-03
3.508783e-02
3.622631e-02
3.652542e-02
2.043665e-01
5.738177e-02
6.238749e-04
2.297029e-03
4.013431e-02
1.068720e-02
3.476610e-03
3.086624e-02
4.369120e-02
6.324848e-02
2.655820e-02
5.142072e-02
5.610296e-02
1.124548e-01
7.860664e-02
3.106820e-02
3.096101e-03
5.154352e-02
1.250171e-02
9.453020e-02
4.667634e-02
2.699742e-02
5.754832e-03
9.070299e-02
1.425297e-01
4.355768e-02
2.452755e-03
3.523806e-02
9.121124e-03
1.203859e-02
1.503135e-01
9.213506e-03
5.869980e-02
4.544488e-05
2.565973e-02
4.061526e-02
7.388166e-02
9.883787e-03
2.139817e-02
2.379698e-02
1.235453e-02
1.177019e-02
3.201787e-02
4.146331e-02
1.294323e-01
9.621109e-02
2.508704e-02
2.885726e-02
2.165007e-02
2.706907e-03
1.886314e-03
3.770255e-02
1.387396e-02
1.626992e-01
3.214115e-02
1.079477e-02
1.377048e-01
2.089701e-02
5.491587e-02
4.365628e-02
1.252624e-01
2.008333e-02
9.446361e-02
5.525237e-03
7.110465e-03
8.992855e-02
5.580404e-02
1.845955e-02
5.596793e-03
5.349110e-02
2.987223e-02
1.465994e-02
1.778398e-02
3.782184e-03
5.059681e-02
1.112131e-02
1.220294e-01
1.530328e-02
7.893292e-02
6.634710e-03
4.305737e-02
7.405164e-02
3.984213e-02
2.198122e-02
1.403887e-02
3.990796e-02
2.225861e-02
3.643493e-02
6.338093e-02
1.331602e-02
1.849961e-01
3.870305e-02
9.893733e-03
2.087269e-03
9.425950e-03
1.813589e-02
1.184583e-03
3.906328e-02
8.761009e-02
8.946522e-02
1.091535e-01
1.496910e-02
4.339050e-03
1.668365e-02
2.090747e-02
1.881872e-01
6.474633e-03
1.778783e-01
3.905876e-02
1.645463e-02
1.175566e-02
1.791400e-01
2.291709e-02
5.333436e-03
5.097856e-03
4.851798e-02
1.436634e-04
2.484059e-02
2.181650e-01
1.235072e-03
1.146301e-01
4.914435e-02
2.573294e-02
2.566221e-02
4.955399e-02
2.283886e-02
2.419123e-02
3.925550e-02
2.907064e-02
1.290292e-02
1.591804e-01
3.229448e-03
5.562990e-02
4.128950e-02
1.143519e-02
3.483155e-03
5.292005e-02
7.594908e-02
6.602773e-02
3.446966e-02
1.511707e-02
1.953905e-01
1.722204e-02
1.013484e-02
3.187491e-02
2.919933e-02
1.197745e-01
1.822731e-02
1.398538e-02
1.214076e-02
5.418353e-02
2.325236e-02
4.833829e-02
8.735541e-02
1.027718e-01
1.558601e-02
6.543435e-02
8.130958e-04
1.973444e-01
1.406760e-01
3.019669e-02
1.975678e-02
5.071116e-02
3.381907e-02
1.225832e-02
1.900827e-03
2.195242e-01
6.478746e-02
4.698509e-03
1.471674e-02
5.802046e-02
5.348744e-02
1.740794e-03
1.534593e-01
1.460549e-01
2.873405e-02
7.976758e-03
8.856803e-02
8.037082e-03
1.485611e-02
1.849759e-02
3.707790e-02
2.588600e-04
8.003911e-02
8.763059e-02
1.486952e-02
5.037331e-02
7.985252e-03
4.981179e-02
1.418605e-02
5.547880e-03
7.322039e-02
6.765319e-02
5.364426e-02
1.063127e-02
5.530204e-02
3.419048e-02
6.767659e-02
1.308884e-01
3.264529e-02
4.846464e-02
3.644358e-02
1.535098e-02
4.671224e-02
3.084562e-02
3.124558e-03
7.704031e-03
1.893960e-01
3.407566e-02
2.371516e-02
7.565650e-02
2.142859e-02
1.271164e-02
2.727672e-02
7.664862e-02
1.510714e-02
3.202038e-02
4.397876e-02
3.677406e-02
4.318261e-02
3.648632e-02
5.614775e-02
1.284536e-02
3.700057e-02
7.560420e-02
1.923416e-02
4.751989e-02
5.826588e-02
7.083271e-02
1.347712e-02
1.405045e-02
2.298904e-02
2.052138e-02
3.296598e-02
1.104995e-01
4.093863e-02
8.796394e-02
5.005714e-03
1.372745e-01
7.497411e-03
1.902467e-03
1.088317e-01
1.125865e-03
1.457089e-03
5.564537e-02
1.147435e-02
1.933841e-02
1.885015e-02
4.971368e-03
1.070520e-02
3.201464e-02
2.973200e-03
2.451200e-01
1.214986e-02
4.829139e-02
6.977740e-02
3.774662e-02
2.959512e-02
1.648253e-01
2.301128e-03
2.645048e-02
1.055568e-03
2.350863e-01
4.089694e-01
1.881223e-01
1.120917e-01
1.220748e-01
3.555409e-01
1.689778e-02
5.899394e-02
1.013351e-01
1.670155e-02
7.368293e-03
8.420596e-02
1.963341e-02
7.504338e-03
6.909303e-03
1.022319e-01
2.992786e-02
4.294685e-02
4.782868e-02
8.375128e-02
2.021339e-02
4.935579e-02
9.377361e-03
3.244432e-02
5.825382e-02
8.011393e-02
3.486812e-02
2.103554e-02
7.218147e-02
7.758879e-04
1.644317e-02
8.916969e-02
1.288063e-02
3.423259e-03
1.015260e-01
1.957375e-02
4.904192e-02
1.638646e-03
2.082995e-02
1.438517e-01
8.755400e-02
6.846276e-02
4.902539e-02
3.114876e-02
9.041740e-02
8.670935e-02
1.461073e-01
6.834722e-03
1.170733e-02
3.166838e-02
4.912646e-02
3.384333e-02
2.176906e-02
1.283656e-01
7.140252e-04
3.263117e-02
5.575562e-02
6.433293e-04
5.782811e-02
9.403731e-04
1.708514e-02
6.367114e-02
1.305266e-01
2.745783e-02
5.392483e-02
5.998668e-02
4.723671e-02
1.999384e-01
7.385272e-02
1.481490e-01
2.580116e-02
5.189831e-02
7.459909e-03
1.760534e-03
1.745441e-02
6.893784e-02
2.058706e-02
2.204409e-03
1.526296e-02
1.321113e-02
7.275439e-03
7.906501e-02
6.337506e-03
4.133544e-02
1.016736e-01
7.489808e-03
1.600976e-01
3.216374e-02
7.251559e-02
1.406224e-02
1.704978e-01
4.481561e-02
1.587523e-01
1.206417e-01
3.146341e-02
8.527847e-02
1.253724e-01
6.431397e-02
2.528899e-03
1.408372e-02
1.529924e-01
7.530173e-02
8.289552e-03
1.245707e-01
2.516761e-02
3.180476e-02
3.918201e-02
1.210655e-02
2.014097e-03
5.685293e-02
6.630134e-02
5.597878e-02
2.220966e-01
4.404430e-03
1.981585e-02
3.925422e-03
1.319364e-01
1.140947e-02
1.192101e-01
2.576836e-02
6.105084e-02
3.411428e-02
6.313422e-02
1.211187e-02
4.837779e-02
7.362964e-02
1.932409e-02
5.615703e-02
6.044605e-02
4.844195e-02
6.591956e-02
2.821092e-02
1.065432e-03
2.437754e-02
2.672960e-03
9.789754e-02
2.802962e-02
3.026320e-02
2.721651e-03
4.231383e-02
1.743783e-02
7.086912e-02
1.206527e-01
1.246997e-03
9.913004e-02
2.661195e-02
1.841938e-01
6.265250e-02
6.085107e-02
1.150684e-02
7.700836e-02
1.866067e-03
4.069352e-03
9.911714e-02
7.554364e-02
3.865265e-02
4.593623e-02
4.239466e-03
5.274547e-02
2.500114e-02
2.017282e-01
7.966503e-02
6.623911e-03
4.654444e-02
1.152952e-01
8.417280e-02
2.654815e-02
4.154607e-02
5.001451e-02
2.323967e-02
2.295610e-03
5.813782e-02
3.838612e-02
8.030183e-03
5.407000e-03
2.356063e-03
2.287081e-02
9.138672e-02
6.705760e-03
8.658970e-02
3.809163e-02
1.195484e-02
2.381969e-02
2.375168e-02
1.360248e-01
6.470810e-02
8.103717e-02
3.665002e-03
3.418064e-02
1.026189e-01
3.873570e-02
2.466669e-02
4.229017e-02
9.017147e-03
1.487487e-02
1.842704e-03
7.849895e-04
2.175938e-02
2.055544e-02
2.907172e-02
5.876948e-02
8.563917e-03
3.730625e-02
1.308095e-02
2.432889e-02
6.571618e-02
3.521715e-02
4.622724e-02
2.760287e-02
2.593446e-02
1.783979e-02
1.142240e-01
5.182983e-03
6.231343e-02
6.281274e-02
5.817488e-02
1.077588e-01
7.411280e-02
1.345988e-02
6.745199e-02
1.172902e-01
3.181565e-02
2.215568e-03
5.717971e-02
1.020293e-01
9.041094e-02
2.293776e-01
5.388657e-02
9.176267e-03
6.011624e-03
4.338426e-02
3.813809e-02
4.310271e-02
1.629315e-01
6.277699e-02
2.845977e-02
5.309305e-03
4.614595e-02
8.947535e-03
2.271678e-02
6.011857e-03
6.344228e-02
1.202281e-02
9.987051e-02
3.325019e-02
8.102817e-03
1.336281e-02
2.648552e-02
4.466692e-02
8.731390e-02
6.163055e-02
2.527666e-02
1.969357e-02
2.112997e-02
2.061993e-02
5.905653e-02
2.641160e-02
1.197624e-01
5.154364e-02
2.587930e-02
4.116893e-03
3.443852e-03
2.020307e-02
8.310916e-02
6.952195e-02
7.248368e-03
1.814082e-03
1.137570e-02
5.112761e-03
1.036288e-03
1.332212e-01
1.046172e-02
9.582870e-02
1.509118e-02
1.535898e-01
1.004875e-01
1.087149e-01
2.324128e-02
2.278878e-02
1.602817e-01
4.350734e-02
9.723033e-02
8.153344e-03
5.690824e-02
9.783414e-02
1.511121e-03
8.059832e-02
8.543009e-02
1.387433e-01
4.417804e-02
7.650351e-04
1.032310e-02
1.349934e-01
1.782006e-01
1.753136e-01
1.098038e-01
5.106754e-02
2.247104e-02
1.101748e-02
2.105212e-01
5.360372e-02
3.123621e-02
5.438848e-02
9.615670e-02
2.056623e-02
2.552699e-02
9.213194e-02
1.119746e-01
1.777422e-01
2.564625e-02
1.983931e-02
2.760077e-02
1.491095e-02
6.710851e-02
3.130022e-02
2.209451e-01
2.604266e-02
1.982301e-02
7.847139e-02
1.584537e-02
1.360056e-01
2.459529e-02
4.991897e-03
2.799224e-02
1.647275e-01
1.393816e-02
8.724289e-02
4.520084e-02
1.497297e-01
3.578015e-02
3.287042e-02
5.330702e-03
7.176854e-02
3.897457e-02
3.386964e-02
2.395205e-01
4.501017e-02
4.187171e-02
2.844000e-02
5.108125e-02
1.794137e-02
3.785388e-02
6.119237e-03
1.426021e-01
1.065397e-02
1.582392e-02
1.823296e-02
1.602720e-01
6.923831e-03
8.059250e-02
2.775688e-02
2.339389e-02
5.003067e-02
5.773681e-02
1.240522e-01
2.463833e-02
2.015916e-02
6.925870e-02
3.233112e-03
9.460297e-02
7.396623e-02
3.085127e-02
3.123816e-02
9.346579e-02
4.085803e-02
1.883681e-02
9.029648e-03
2.090646e-02
1.185758e-02
4.656090e-02
8.505077e-03
2.556906e-02
1.972753e-01
3.080480e-02
2.239130e-01
2.732069e-02
1.048301e-01
2.743216e-02
6.497284e-02
2.167909e-02
3.326652e-03
2.881459e-02
3.587224e-02
1.017917e-02
2.019062e-02
8.522939e-02
1.768742e-02
1.208912e-02
1.834868e-01
2.560123e-02
1.367267e-01
5.816495e-02
2.832560e-02
3.409843e-03
2.412611e-02
1.243962e-02
6.407981e-02
1.663525e-02
1.033475e-01
3.524556e-02
3.607611e-02
3.286400e-02
2.049015e-02
5.089817e-02
2.655924e-02
1.264985e-03
2.164519e-02
5.754207e-02
6.081260e-03
2.787464e-03
1.647079e-01
5.902926e-02
3.057662e-02
3.114294e-02
5.333173e-02
1.560697e-03
2.482686e-01
1.177111e-02
9.865139e-02
4.043572e-03
3.471770e-02
1.346878e-02
1.473113e-02
2.737443e-01
1.258693e-02
6.165194e-03
2.398394e-02
5.791729e-02
1.985103e-02
1.188222e-02
2.487059e-02
3.992539e-02
8.735045e-02
2.228517e-02
2.372060e-02
8.084747e-02
4.337688e-03
3.265632e-03
6.757092e-02
8.331454e-02
1.686957e-01
9.882115e-03
1.018643e-01
5.792150e-02
2.614571e-02
1.462301e-02
8.692537e-02
8.884486e-02
8.842520e-02
3.868325e-02
4.495430e-02
3.616702e-02
1.880341e-02
1.213963e-01
6.344516e-03
3.073251e-01
7.054547e-02
2.764779e-02
1.717010e-03
1.212881e-02
4.368524e-02
1.800490e-02
5.993117e-02
6.728434e-02
4.671278e-02
5.434193e-02
2.649237e-02
1.176826e-02
6.886133e-02
2.321648e-02
1.841953e-01
1.770883e-02
6.841806e-03
5.478242e-02
6.737342e-02
9.856528e-02
6.793791e-02
6.954375e-02
3.367395e-02
1.160596e-02
2.818311e-02
1.618206e-01
7.003542e-03
1.918035e-02
1.107320e-01
6.638218e-02
2.345841e-02
9.037055e-02
5.221773e-02
1.189317e-01
2.465795e-02
3.288553e-02
2.558489e-02
4.322226e-03
1.970033e-02
1.400356e-02
2.271912e-03
1.967066e-02
5.859171e-02
8.916719e-02
5.597448e-02
1.605899e-02
2.757994e-02
8.221986e-02
2.482817e-02
1.417086e-02
4.585111e-02
3.965434e-02
1.146808e-02
8.794033e-02
4.236246e-02
6.236938e-03
2.103269e-03
8.298341e-02
2.000491e-02
3.342889e-02
1.868110e-02
4.076204e-02
8.284650e-02
1.768888e-05
3.265076e-02
3.595121e-03
1.282993e-03
3.193629e-02
2.671936e-02
5.740461e-02
1.627435e-02
2.897690e-03
1.030435e-01
1.940224e-01
4.821486e-04
2.874515e-01
1.653171e-02
3.926480e-03
5.021850e-02
3.481522e-02
3.996021e-02
4.940301e-02
4.269523e-02
1.895184e-01
2.681381e-02
1.466032e-03
6.895612e-02
3.507248e-02
1.633733e-02
1.110473e-01
1.755917e-02
2.653281e-02
6.148705e-02
1.254633e-01
8.822550e-02
8.668287e-02
3.704030e-02
1.890225e-02
5.940631e-02
3.669249e-02
8.864290e-03
5.613689e-02
2.138711e-01
1.618964e-02
1.774538e-02
5.071573e-02
1.692980e-02
7.469812e-02
9.960326e-02
1.181602e-02
8.137284e-03
5.373799e-03
6.160352e-02
4.737488e-02
9.389390e-03
7.621560e-02
1.116216e-01
3.735046e-02
6.010559e-02
5.150515e-02
3.778403e-02
1.168472e-01
5.372758e-02
2.341653e-02
1.022367e-02
3.747886e-02
8.784122e-02
1.011359e-02
5.015610e-02
1.268398e-02
1.269942e-01
9.034403e-02
1.876151e-01
9.642565e-03
1.015920e-02
2.902984e-02
6.441927e-03
1.861425e-02
2.889321e-02
3.018439e-02
7.975499e-02
6.995089e-02
1.907470e-02
1.772096e-01
2.203869e-02
2.814826e-02
2.664214e-02
5.727155e-03
2.975331e-02
5.461589e-02
1.547596e-01
1.893521e-01
5.961450e-02
1.681576e-02
2.615007e-02
4.276420e-03
8.175383e-02
5.210757e-03
2.554109e-02
4.374762e-02
7.867810e-02
1.141112e-01
3.758402e-02
1.500620e-02
6.871310e-02
3.738601e-02
1.014832e-01
9.449501e-03
2.728303e-02
8.389798e-02
7.317906e-03
3.481938e-02
1.679032e-03
3.775139e-02
9.044734e-03
3.546363e-02
1.766638e-01
2.875487e-02
8.416853e-03
9.633581e-02
3.250772e-02
2.361279e-01
2.681101e-02
2.933567e-02
3.115164e-02
7.299150e-02
5.594187e-02
8.514823e-02
1.215369e-01
1.686698e-03
9.838631e-02
5.786635e-02
5.062304e-02
2.661768e-03
3.013547e-02
6.067584e-02
6.154352e-02
3.921750e-02
2.012312e-02
5.621244e-02
2.331037e-02
5.966312e-02
8.357296e-02
8.889096e-02
8.280394e-02
3.387751e-03
6.171318e-03
8.677534e-02
2.288327e-03
5.083954e-02
2.631614e-03
3.207591e-02
1.190467e-02
2.821493e-02
2.216107e-02
6.188146e-02
2.138671e-02
5.384691e-02
9.069466e-02
6.051831e-02
2.283351e-02
8.213158e-03
7.645082e-02
6.517223e-02
3.829596e-02
4.073615e-03
3.952380e-02
1.571608e-02
5.480239e-03
1.008076e-04
1.058542e-01
3.235602e-02
1.603849e-02
4.034633e-02
2.229589e-02
1.672935e-02
4.620868e-03
4.124140e-04
1.619221e-01
1.983390e-02
1.672698e-02
4.456802e-02
2.085916e-01
2.731224e-02
3.733054e-02
1.005153e-02
2.342474e-01
2.672657e-02
4.858976e-02
3.731544e-02
4.900570e-03
2.817943e-02
9.368636e-02
4.578308e-03
3.639222e-02
1.916747e-03
8.005718e-03
2.545409e-01
3.674347e-03
1.343755e-02
4.527407e-02
1.115367e-01
9.565180e-02
6.113266e-02
2.279022e-02
5.826207e-03
5.093419e-02
7.551395e-02
9.003061e-02
3.265113e-02
1.126141e-03
1.090225e-02
5.052698e-02
6.088349e-03
5.124251e-02
3.243117e-02
6.401162e-02
5.350770e-02
5.315711e-03
5.730352e-02
6.012220e-02
5.416791e-02
2.874070e-02
3.005304e-02
7.688129e-02
8.761443e-02
9.841148e-02
2.438690e-03
1.332036e-02
7.687741e-02
1.027685e-03
2.159258e-02
7.143119e-03
3.193203e-02
1.029513e-01
8.715057e-03
9.240755e-02
1.460622e-01
8.563069e-02
1.192966e-01
1.593756e-03
1.080223e-02
7.582914e-02
1.362139e-02
1.017104e-01
3.270670e-03
1.843613e-02
2.224814e-02
1.121851e-02
2.447067e-02
2.761170e-02
8.061888e-03
2.898843e-02
1.086094e-02
2.431746e-02
4.719577e-03
5.291407e-03
8.301968e-02
1.101276e-02
1.134602e-01
6.873509e-03
1.366373e-01
2.902491e-02
1.434928e-01
2.089337e-02
1.047953e-02
3.225703e-02
5.180400e-03
6.664915e-03
1.449807e-01
4.912065e-02
2.644109e-02
5.189257e-02
8.619170e-03
7.236451e-02
6.594035e-02
1.710033e-02
9.999582e-02
5.057067e-02
6.246807e-02
1.663655e-02
2.602709e-02
2.697314e-02
8.293411e-03
5.504345e-03
6.626330e-02
2.059037e-02
7.737116e-02
5.920756e-02
8.453064e-03
2.113299e-03
7.074566e-02
6.388122e-03
6.609091e-03
5.493581e-04
1.799151e-02
5.442866e-02
4.552082e-02
2.607982e-02
3.968116e-03
3.639540e-03
5.637660e-04
4.017020e-02
1.675789e-01
4.426983e-02
1.791026e-02
5.954815e-03
5.801363e-02
1.930457e-02
7.895958e-02
4.352308e-02
3.539374e-03
7.435672e-02
4.397188e-04
6.796553e-02
5.516056e-02
3.206662e-03
3.072828e-03
6.198110e-02
1.000064e-01
4.393030e-02
2.738175e-03
2.232817e-01
1.074156e-01
6.605427e-02
2.271200e-03
4.278378e-03
2.193407e-02
5.266158e-04
6.648033e-02
1.647599e-02
1.980657e-02
4.883994e-02
4.646822e-03
2.362004e-02
6.740585e-02
7.559444e-02
4.112088e-02
7.060682e-02
6.087137e-02
6.744232e-02
3.632175e-02
4.258160e-03
8.232741e-03
2.998304e-02
3.807072e-02
1.107956e-01
4.245687e-02
1.743097e-02
2.183555e-02
1.381871e-02
1.273020e-02
1.870666e-02
8.401900e-03
1.810995e-02
1.577463e-02
5.512363e-02
1.293969e-01
3.990025e-02
2.148420e-02
4.054883e-02
5.957009e-02
1.565791e-01
1.896051e-02
4.372662e-02
2.880182e-03
7.585354e-02
5.022696e-02
4.719476e-02
4.194949e-02
1.894165e-02
7.774746e-02
4.524703e-02
4.741247e-02
5.438255e-02
5.853790e-02
1.587220e-01
9.672515e-02
7.490665e-02
1.096345e-01
1.640297e-03
1.196247e-01
4.105531e-02
7.484956e-02
5.738154e-02
1.873766e-02
1.757652e-02
1.605792e-02
8.435422e-02
6.726157e-02
5.758891e-02
6.614068e-02
3.063731e-02
1.117023e-01
4.963922e-03
6.269597e-03
4.487198e-02
2.384445e-02
6.344461e-02
4.479891e-02
6.145770e-02
2.422558e-02
1.591108e-02
6.149864e-02
5.437281e-02
4.780417e-03
7.810439e-02
1.561936e-02
7.873647e-02
7.538440e-03
6.252095e-02
1.349096e-02
3.499981e-02
1.087943e-01
4.956464e-02
1.108058e-01
6.956096e-02
1.777618e-02
6.614354e-02
2.768666e-02
6.071819e-02
6.621126e-02
1.364229e-02
4.349923e-03
1.497601e-01
1.093226e-01
1.938688e-01
1.488588e-02
3.910035e-02
7.061771e-02
4.713988e-03
6.716482e-02
1.136089e-02
7.830002e-02
1.051289e-02
3.723056e-03
7.954155e-02
1.746651e-02
4.654933e-02
3.145966e-02
8.092737e-03
7.906468e-02
1.777599e-03
6.151458e-02
1.850788e-02
1.100230e-01
1.237252e-02
7.349919e-02
1.693808e-01
1.117339e-02
2.686018e-02
8.962558e-02
1.181120e-01
4.126709e-03
5.600091e-02
4.121730e-02
3.811553e-02
7.946563e-02
8.949974e-03
8.227067e-02
6.512928e-02
1.572568e-01
1.445490e-02
7.342911e-02
5.788209e-03
1.034317e-01
3.153222e-02
1.479148e-01
8.187595e-03
3.088383e-02
1.071495e-02
2.184887e-01
9.407413e-03
3.786394e-02
1.090354e-01
2.573501e-02
1.953915e-02
5.060171e-02
4.561254e-02
1.355721e-02
8.830332e-02
9.393858e-02
5.311723e-02
7.970720e-03
3.653690e-02
1.543300e-02
3.779546e-02
5.388808e-03
1.875854e-01
4.135264e-02
1.882349e-01
2.058461e-02
6.917535e-02
1.232677e-02
8.307683e-04
1.684252e-02
1.010078e-01
2.299522e-02
3.170699e-03
5.231536e-02
3.972043e-02
1.503479e-02
2.610264e-02
6.132339e-02
4.252053e-02
1.111684e-01
2.103052e-01
3.959249e-02
7.486659e-03
2.524218e-01
1.530712e-01
2.185545e-02
3.217490e-02
6.200445e-02
3.240290e-04
7.369195e-02
6.298256e-03
6.133503e-02
1.821358e-02
9.215992e-02
2.898256e-02
9.845900e-03
9.975355e-02
3.490363e-02
3.218448e-02
1.053537e-02
2.484411e-01
2.364856e-03
1.179771e-01
1.345698e-02
6.860055e-03
4.051322e-02
2.736809e-02
8.741851e-02
1.804042e-02
3.119823e-02
3.363212e-02
1.800993e-01
3.207676e-02
8.499446e-02
1.966820e-02
5.657584e-03
1.619446e-02
1.523555e-02
2.767525e-02
2.158641e-03
2.626136e-02
5.596252e-03
1.118006e-02
1.568100e-02
1.746654e-01
1.213844e-01
2.819468e-02
4.132941e-02
1.986544e-02
3.746981e-02
1.885101e-01
3.593125e-02
3.853622e-02
2.142303e-01
1.058728e-01
3.968278e-02
1.280220e-03
1.462121e-01
1.558023e-02
2.681065e-02
1.187879e-01
5.522194e-02
5.090218e-02
5.929217e-03
1.152624e-01
1.991893e-02
1.183159e-03
3.638205e-02
2.640499e-02
2.432451e-02
2.559383e-02
1.154752e-01
1.820315e-02
1.392739e-02
1.603671e-01
1.124086e-01
2.880681e-02
4.184461e-02
1.038940e-01
7.611465e-03
1.842231e-02
1.580367e-01
4.393083e-02
3.628129e-02
5.614928e-02
2.230785e-02
1.767146e-02
7.540563e-02
7.919389e-02
5.479975e-02
4.631882e-02
7.014018e-03
1.994940e-02
1.062026e-01
6.864375e-02
5.114604e-02
3.222079e-02
2.967712e-02
6.390212e-02
1.803663e-02
1.035008e-01
2.415456e-01
3.954626e-02
8.841724e-03
1.592092e-02
8.981879e-03
5.232460e-02
2.303825e-02
9.242665e-02
1.066073e-01
1.359854e-01
5.280193e-02
1.257278e-02
4.406635e-02
4.766173e-02
3.649021e-02
2.636594e-02
7.374848e-02
1.772647e-02
6.144048e-03
1.694622e-01
1.170853e-01
1.696562e-01
6.603549e-03
1.089995e-01
1.472626e-02
1.016161e-01
3.066143e-02
5.239234e-02
3.006925e-03
6.484547e-02
1.058299e-01
6.370215e-02
1.794685e-02
4.762349e-02
1.287669e-02
8.071365e-02
4.004826e-02
7.324584e-03
1.000657e-02
2.018612e-02
3.136450e-03
9.581658e-02
2.120177e-02
3.998166e-02
4.384857e-02
1.978540e-02
4.701404e-02
4.047852e-02
1.120011e-02
6.859753e-02
6.836433e-02
1.638345e-03
7.311294e-02
7.108601e-03
5.086370e-02
1.084862e-02
1.185004e-01
2.015557e-02
2.289716e-01
1.042132e-02
1.394194e-02
1.785898e-02
1.653537e-01
2.728847e-02
3.283749e-02
6.062032e-03
1.483092e-02
9.518010e-03
4.994644e-02
8.626712e-02
3.323218e-02
2.504813e-02
4.606845e-02
5.440159e-02
1.387281e-02
7.527499e-03
1.282046e-01
1.700203e-01
3.649528e-02
2.013645e-02
1.169068e-01
5.160655e-02
1.144313e-02
8.706973e-03
9.444154e-03
5.328980e-02
5.994599e-02
1.811870e-02
2.788311e-02
4.406120e-02
9.448437e-02
3.586407e-02
1.627459e-02
8.046106e-02
2.712946e-02
3.178240e-02
4.366486e-02
2.615833e-02
7.058917e-02
3.146328e-02
3.560592e-03
2.922894e-02
2.390839e-02
2.846107e-02
9.721245e-03
5.697508e-02
3.666332e-02
4.153879e-02
4.684388e-02
3.826731e-02
2.287835e-01
2.273811e-03
5.032863e-02
1.295902e-01
1.222480e-01
5.901409e-02
1.243578e-02
1.796874e-02
4.887911e-02
3.247605e-02
1.753474e-01
4.126572e-02
1.446062e-01
8.738994e-02
3.558602e-02
2.983665e-02
2.134449e-02
9.579066e-02
5.021611e-02
9.381474e-04
5.767522e-03
1.346762e-01
4.844773e-03
2.091405e-02
1.221535e-01
3.326126e-03
3.717694e-02
2.107009e-02
4.079324e-02
4.492815e-02
4.003341e-02
6.760333e-02
2.306443e-02
1.478005e-02
1.846244e-03
1.032900e-02
2.079374e-03
3.587745e-02
1.214250e-02
1.876172e-02
3.711211e-02
3.695721e-02
4.014973e-02
4.207675e-03
5.704432e-02
1.143978e-01
4.158944e-02
1.760259e-01
1.725133e-02
9.661109e-03
4.576389e-03
3.947822e-02
1.333024e-02
1.345563e-03
8.285036e-02
9.309834e-02
1.410900e-02
4.229037e-02
1.023615e-02
2.012271e-01
7.567324e-02
2.332123e-01
1.544380e-02
2.447590e-02
2.253221e-02
5.317447e-02
2.398376e-02
1.212173e-03
2.978757e-02
5.996059e-02
1.352223e-01
4.452964e-02
8.508951e-04
5.826384e-04
1.988438e-02
1.948240e-02
7.719744e-02
6.171093e-02
7.908165e-02
3.070208e-02
4.017077e-02
3.516832e-02
6.421680e-02
2.223292e-02
6.733364e-03
6.109104e-02
2.361671e-02
1.431692e-02
1.916189e-01
1.154355e-01
2.524595e-02
8.144692e-02
4.640062e-02
1.664368e-02
5.004424e-02
1.489532e-01
4.877005e-03
3.619690e-02
9.964757e-02
9.459859e-02
1.366995e-01
3.187439e-02
2.143528e-03
7.072866e-02
1.337736e-01
6.341683e-03
4.572138e-02
7.773779e-02
1.089202e-02
6.947664e-02
3.350587e-02
1.051290e-02
5.200060e-02
1.182856e-01
1.304607e-01
3.028495e-02
3.873892e-02
4.207473e-02
3.656702e-02
9.703032e-04
8.913524e-02
2.885499e-02
1.113741e-02
6.162045e-03
3.509944e-02
2.855006e-03
5.395332e-02
3.353629e-02
1.588942e-02
6.682215e-02
1.605570e-02
6.531416e-02
1.048481e-02
1.478401e-02
6.315514e-03
3.533243e-03
1.199847e-01
1.913927e-02
7.498772e-02
4.259987e-02
1.080364e-02
1.602401e-02
1.150489e-02
1.333979e-01
1.343425e-02
9.331709e-03
7.103537e-03
6.490135e-02
4.654590e-02
8.036085e-04
7.710925e-02
1.489784e-01
1.311644e-01
7.841166e-04
1.174149e-01
2.874362e-02
5.610182e-02
5.682267e-02
4.519457e-02
1.898541e-02
3.675332e-02
2.063620e-02
4.903785e-02
3.418645e-02
2.754538e-03
